
| t | mag | magerr |
|---|-----|--------|
|52650.434545|15.969|
|52650.448450|16.036|
|52650.462420|15.99|
|52650.476485|16.027|
|52650.490443|15.675|
|52666.464263|15.945|
|52666.478719|15.97|
|52666.493183|16.001|
|52666.507710|15.829|
|52666.522176|15.586|
|52680.491924|15.586|
|52680.506645|15.701|
|52680.521360|15.761|
|52680.536053|15.879|
|52697.401620|15.917|
|52697.446816|16.036|
|52706.369619|16.024|
|52706.382492|15.901|
|52706.395445|15.768|
|52706.408684|15.679|
|52706.421824|15.779|
|52708.372142|15.874|
|52708.372257|15.886|
|52708.385260|15.951|
|52708.385375|15.991|
|52708.398270|15.969|
|52708.398385|16.01|
|52708.411459|15.985|
|52708.411574|16.035|
|52708.424498|15.967|
|52708.424613|15.998|
|52712.318286|15.671|
|52712.344226|15.796|
|52712.357133|15.892|
|52712.370229|15.948|
|52724.364441|15.786|
|52724.376739|15.807|
|52724.389038|15.917|
|52724.389639|15.764|
|52724.401635|15.996|
|52724.402237|15.792|
|52724.413874|16.033|
|52753.264881|15.885|
|52753.278023|15.687|
|52753.278135|15.947|
|52753.290448|15.814|
|52753.304480|15.915|
|52753.317076|15.986|
|52755.255212|15.882|
|52755.268071|15.979|
|52755.280270|15.998|
|52755.292432|15.989|
|52755.304375|15.768|
|52756.251487|16.008|
|52756.263435|15.971|
|52756.275370|15.72|
|52756.287313|15.601|
|52756.299348|15.712|
|52770.216147|16.169|
|52770.227832|16.14|
|52770.239453|16.034|
|52770.250916|15.842|
|52770.262761|15.73|
|52792.181762|15.924|
|52793.198153|15.873|
|52793.218150|16.018|
|52793.218356|15.924|
|52793.228164|16.04|
|52793.238135|16.031|
|52797.219308|15.958|
|52797.229330|15.86|
|52797.239303|15.633|
|52797.259232|15.713|
|52811.219599|15.669|
|52811.229361|15.674|
|52811.239230|15.837|
|52811.248990|15.892|
|52811.258779|15.912|
|52825.185901|15.916|
|52825.195920|15.724|
|52825.206158|15.681|
|53034.399473|15.651|
|53034.411302|15.573|
|53034.423154|15.726|
|53034.435103|15.722|
|53034.447106|15.905|
|53051.391119|15.568|
|53051.402719|15.66|
|53051.414478|15.767|
|53051.426082|15.879|
|53051.437723|15.868|
|53065.340524|15.951|
|53065.352071|15.815|
|53065.363393|15.616|
|53065.374785|15.596|
|53065.386183|15.763|
|53078.405154|15.795|
|53078.415835|15.945|
|53093.327107|15.643|
|53093.337484|15.741|
|53093.347911|15.822|
|53093.358290|15.855|
|53093.368834|15.895|
|53109.301583|16.033|
|53109.311722|16.031|
|53109.321934|15.873|
|53109.332097|15.7|
|53109.342144|15.803|
|53111.299062|15.911|
|53111.309668|15.967|
|53111.321073|16.01|
|53112.303738|16.043|
|53112.314571|16.106|
|53112.325190|15.942|
|53112.335917|15.8|
|53113.332882|15.757|
|53113.333280|15.823|
|53113.343911|15.898|
|53113.345004|15.948|
|53122.247834|15.754|
|53122.258173|15.899|
|53122.268394|15.937|
|53122.278687|15.972|
|53123.353939|15.972|
|53123.364396|16.024|
|53123.374718|16.041|
|53123.385077|16.061|
|53123.395431|16.047|
|53124.328457|16.061|
|53124.338113|16.085|
|53124.347380|16.072|
|53124.356635|16.062|
|53125.289994|15.94|
|53125.299935|16.034|
|53125.309884|16.03|
|53125.329822|15.984|
|53126.285510|16.022|
|53126.295352|15.971|
|53126.314894|15.584|
|53126.324630|15.601|
|53127.271047|16.115|
|53127.281077|15.782|
|53137.254175|16.05|
|53137.264244|16.06|
|53137.274148|15.825|
|53137.283960|15.683|
|53137.293674|15.683|
|53153.211663|15.761|
|53153.220946|15.783|
|53153.230428|15.911|
|53153.239426|15.968|
|53153.248003|16.02|
|53165.236028|15.735|
|53165.245834|15.802|
|53165.258355|15.867|
|53165.268163|15.946|
|53165.278253|15.948|
|53178.218988|16.12|
|53178.228425|16.023|
|53501.256254|16.004|
|53501.270486|15.972|
|53501.281710|15.856|
|53501.293854|15.692|
|53501.304039|15.583|
|53529.212596|15.962|
|53529.224336|16.032|
|53529.235729|15.884|
|53529.247101|15.694|
|53529.257995|15.657|
|53540.228904|15.76|
|53540.238497|15.819|
|53540.257881|15.911|
|53550.180836|16.002|
|53550.200612|15.918|
|53550.210517|15.687|
|53739.482598|15.964|
|53739.495986|16.008|
|53739.508906|16.007|
|53739.521882|15.885|
|53739.535010|15.586|
|53770.423810|15.854|
|53770.438102|15.962|
|53770.455277|15.982|
|53770.469606|15.959|
|53770.482518|15.829|
|53787.428072|16.046|
|53787.440882|16.022|
|53787.453852|16.058|
|53787.466863|15.926|
|53813.411188|15.724|
|53813.422215|15.894|
|53813.433356|15.93|
|53813.444371|15.99|
|53813.455408|15.872|
|53823.381912|15.681|
|53823.394656|15.67|
|53823.408453|15.836|
|53823.423709|15.853|
|53823.438703|15.992|
|53824.360034|15.668|
|53824.372332|15.75|
|53824.373075|15.763|
|53824.383321|15.872|
|53824.384784|15.928|
|53824.396047|15.955|
|53824.396618|15.961|
|53824.408634|16.007|
|53844.294879|15.964|
|53844.305869|16.024|
|53844.316810|16.075|
|53844.327720|16.006|
|53844.338736|15.866|
|53853.291342|15.893|
|53853.302148|15.962|
|53853.312572|16.007|
|53853.323086|15.983|
|53853.333501|16.129|
|53883.218407|16.021|
|53883.239024|16.126|
|53883.259639|15.915|
|53887.229182|15.964|
|53887.239835|15.741|
|53887.250529|15.593|
|53887.261225|15.723|
|53887.271938|15.771|
|53902.236645|15.962|
|53902.246988|15.973|
|53902.257438|16.07|
|53902.268649|16.064|
|53915.178880|16.148|
|53915.188744|15.893|
|53915.200141|15.699|
|53931.169681|16.014|
|53931.190552|15.947|
|53931.211364|15.718|
|53940.162622|15.845|
|53940.173195|15.912|
|53940.208570|16.11|
|54098.430944|15.867|
|54098.442947|15.92|
|54098.458128|16.016|
|54098.471498|16.002|
|54098.483711|15.88|
|54110.456680|15.89|
|54110.469549|15.98|
|54110.482217|15.947|
|54121.396360|15.612|
|54121.408563|15.701|
|54121.420755|15.834|
|54121.432951|15.883|
|54121.445137|15.928|
|54154.389924|15.855|
|54154.401459|15.754|
|54154.412939|15.684|
|54154.424491|15.84|
|54154.435975|15.95|
|54169.343192|15.825|
|54169.375914|15.933|
|54205.273311|15.917|
|54205.282575|15.966|
|54205.292413|16.004|
|54205.302143|16.064|
|54205.311423|16.053|
|54560.300119|15.969|
|54560.311536|15.927|
|54560.322936|15.804|
|54560.345838|15.615|
|54581.252795|16.056|
|54581.272254|16.14|
|54581.282033|16.009|
|54594.253937|16.058|
|54594.263461|16.139|
|54594.272887|16.199|
|54594.283341|16.132|
|54594.292763|16.058|
|54612.246845|15.964|
|54612.255389|15.912|
|54612.264585|15.75|
|54612.273210|15.779|
|54612.281910|15.768|
